172800          8668458.27094186          -25257547.319255          -1280079.5528252
173700          8999066.04115791         -25077648.3404278          1457440.94049489
174600           9257454.7569616         -24618207.7279141          4170182.01567763
175500           9476411.6532494         -23875204.9642334          6811679.40099322
176400          9689148.09391574         -22852621.7661976          9336115.54182023
177300          9927839.54217016         -21562487.8267489          11699121.8399533
178200          10222181.2705109          -20024627.536662           13858595.453298
179100          10598018.5393921         -18266106.4824738          15775514.2809618
180000          11076110.3169358         -16320388.8301933          17414730.9830633
180900          11671083.2230035          -14226229.720888          18745724.6111461
181800          12390626.9942132         -12026339.8794826          19743286.9339778
182700          13234974.2989732         -9765871.98991868           20388120.097652
183600          14196696.3329461         -7490789.14949686          20667323.0704773
184500          15260831.7096175          -5246184.0020178          20574746.5193929
185400          16405350.4094404         -3074622.16294398          20111199.3585224
186300          17601937.8807987         -1014584.67151497          19284495.0826512
187200          18817067.8902135          900918.936911025          18109331.8866723
188100          20013317.5126185          2645502.66812065          16607007.1317707
189000          21150864.9414852          4200268.34926048           14804973.410188
189900          22189101.3373419          5554343.62315772          12736249.9287648
190800          23088282.5978991          6705071.94057181          10438708.5333447
191700          23811145.8608399          7657850.50444177          7954258.17336011
192600          24324418.7911915          8425629.66615035          5327954.59778256
193500          24600156.8191146          9028103.43511401          2607063.47598039
194400          24616853.8021188          9490634.57725365         -159895.039646607
195300          24360284.2061869           9842968.5237097         -2924093.89294009
196200          23824048.8635456          10117797.5755961         -5637315.19181943
197100          23009810.7151761          10349240.5682363         -8252814.70814634
198000          21927220.8271996          10571303.4172779         -10726118.8303745
198900          20593547.6849451          10816383.1919214         -13015742.2078182
199800          19033033.8107525          11113873.0727619         -15083818.3881863
200700           17276012.811144          11488918.3493667         -16896639.4244466
201600           15357826.905022          11961365.0978772         -18425103.5513039
202500          13317589.8344959          12544933.9099161         -19645072.5142516
203400           11196842.941497          13246641.5017562         -20537641.9466516
204300          9038153.30525234          14066483.6030663         -21089329.3549193
205200          6883702.41203394          14997383.4950804         -21292184.8486169
206100          4773912.10951987           16025402.134515         -21143829.8259144
207000          2746151.80794043          17130198.0798159         -20647428.4942045
207900          833567.222678551          18285718.4879634         -19811596.4745544
208800         -935933.428365942          19461096.2861316         -18650249.9129645
209700         -2540504.86564729          20621723.2468081         -17182397.5912113
210600         -3964976.39146756          21730464.0611834         -15431877.6151445
211500         -5201230.32029969          22748972.6603321          -13427039.402226
212400         -6248334.15237008          23639068.9211846         -11200371.0291519
213300         -7112420.28346053          24364131.6056025         -8788071.56696781
214200         -7806314.23824489           24890461.952282         -6229567.92184304
215100         -8348919.94827984          25188571.8843968         -3566975.96847568
216000         -8764378.38154107          25234351.4375425         -844506.464676448
216900         -9081023.73999673          25010071.9035165          1892182.59337039
217800         -9330169.28616993           24505184.484123          4596683.86080865
218700         -9544762.38093862          23716879.1021785          7222583.34114864
219600         -9757955.18304954          22650374.5338824          9724239.91497277
220500         -10001643.2796716          21318919.2505602          12057590.8707779
221400         -10305028.8405025          19743492.2321943          14180969.5876243
222300         -10693267.2480501          17952204.3537797          16055918.5304184
223200         -11186256.1068987          15979413.4073885          17647978.0043576
224100         -11797622.7014621          13864578.9000379          18927428.9475058
225000         -12533960.1137618          11650895.7914717          19869966.6990696
225900         -13394353.2799004          9383758.50692836          20457282.4228667
226800         -14370224.4451115          7109117.00138033          20677529.8916234
227700         -15445513.2285461          4871794.48850141          20525657.7589252
228600         -16597190.5513926           2713840.9003338          20003591.2545117
229500         -17796088.9640492          672996.627592189          19120252.2933659
230400         -19008015.5330208         -1218662.69750068          17891413.0131457
231300          -20195098.567253         -2935837.62503845          16339384.3588963
232200         -21317307.1682426         -4460821.60695091          14492548.0445034
233100           -22334073.76498         -5783986.98837201            12384746.55079
234000         -23205945.0680458         -6903921.18870254          10054551.2931965
234900          -23896186.496105         -7827211.76562919          7544433.33423441
235800         -24372268.9899152         -8567896.44833651          4899863.76380097
236700         -24607174.7809762         -9146610.08646497          2168372.01592188
237600         -24580469.4010984         -9589473.84340355         -601410.026400625
238500         -24279100.1040596         -9926782.19253869         -3360692.09191362
239400         -23697894.9478395         -10191549.9886266         -6061434.61994437
240300         -22839751.1107244         -10417985.0233301         -8657203.46688982
241200         -21715514.7522274         -10639951.2395849         -11103954.9115356
242100         -20343567.2116458         -10889484.5831397         -13360739.8620922
243000         -18749143.0877836         -11195417.8521299         -15390320.1826229
243900         -16963414.4819282         -11582163.4673898          -17159693.652311
244800         -15022382.3067457         -12068694.4253667          -18640527.097478
245700         -12965620.1032356         -12667754.3597927         -19809499.6126827
246600          -10834918.407146         -13385318.0944291         -20648559.4939582
247500         -8672878.57136567         -14220314.6877885         -21145099.5734702
248400         -6521504.31820376         -15164616.0243082         -21292056.1353559
249300         -4420837.40374885         -16203285.6776667         -21087936.5949573
250200         -2407680.84585729         -17315075.1681038         -20536780.7381748
251100         -514449.386433951         -18473147.9064446         -19648059.6486275
252000          1231817.62166308         -19646005.0739737         -18436515.6009328
252900          2810250.78058024         -20798582.4194481         -16921945.2676101
253800          4206728.12192398         -21893482.4475898         -15128927.6681918
254700          5414216.98534929         -22892302.7216355         -13086497.4693116
255600           6432868.2677622         -23757018.0195059         -10827763.6057594
256500          7269857.88778902          -24451371.910125         -8389472.81080602
257400          7938977.56477411         -24942232.0260605         -5811517.58963765
258300          8459984.59100472          -25200863.006022         -3136388.50444807