172800.00000   8668529.74592   -25258311.82714   -1281803.95149
173700.00000   8999105.88273   -25078545.47870   1455964.01246
174600.00000   9257437.15411   -24619189.38293   4168974.42390
175500.00000   9476313.81866   -23876221.64919   6810749.85814
176400.00000   9688951.77045   -22853626.80754   9335460.63936
177300.00000   9927532.24756   -21563440.96678   11698728.76499
178200.00000   10221756.04171   -20025497.72360   13858444.27398
179100.00000   10597474.86291   -18266872.85287   15775582.55907
180000.00000   11075453.97169   -16321040.65077   17414997.15026
180900.00000   11670326.22454   -14226764.89345   18746170.79947
181800.00000   12389787.52671   -12026762.50197   19743900.57631
182700.00000   13234076.61209   -9766189.49546   20388894.03543
183600.00000   14195771.45091   -7491007.81301   20668254.01410
184500.00000   15259913.85251   -5246312.15403   20575832.52861
185400.00000   16404479.02421   -3074664.06695   20112436.94988
186300.00000   17601154.75400   -1014542.29460   19285875.46894
187200.00000   18816413.72057   901043.16066   18110839.12419
188100.00000   20012831.71756   2645709.07132   16608613.72296
189000.00000   21150579.43040   4200552.91863   14806642.75559
189900.00000   22189038.41509   5554697.99301   12737937.12534
190800.00000   23088453.01832   6705484.12351   10440361.39671
191700.00000   23811546.08683   7658298.91721   7955827.50124
192600.00000   24325032.44837   8426090.03499   5329391.86734
193500.00000   24600955.65603   9028548.31442   2608327.07714
194400.00000   24617800.46927   9491035.34556   -158836.67661
195300.00000   24361335.96347   9843297.49984   -2923260.51885
196200.00000   23825161.69279   10118029.94234   -5636714.51068
197100.00000   23010943.26196   10349355.88053   -8252443.64942
198000.00000   21928337.96637   10571286.22136   -10725965.57107
198900.00000   20594621.64157   10816224.54266   -13015790.72923
199800.00000   19034045.99955   11113569.98139   -15084051.04212
200700.00000   17276953.08133   11488473.69092   -16897040.30794
201600.00000   15358692.02593   11960787.34929   -18425660.92674
202500.00000   13318381.26758   12544236.93026   -19645780.13662
203400.00000   11197564.33579   13245844.39648   -20538499.14152
204300.00000   9038808.16027   14065610.62640   -21090339.87414
205200.00000   6884292.28822   14996463.86927   -21293354.70144
206100.00000   4774435.46029   16024469.83823   -21145164.61403
207000.00000   2746604.58168   17129290.37784   -20648929.76073
207900.00000   833942.95090   18284874.94973   -19813259.14305
208800.00000   -935641.93102   19460356.77100   -18652059.95176
209700.00000   -2540303.63521   20621125.45225   -17184330.69670
210600.00000   -3964868.40703   21730040.74444   -15433899.09390
211500.00000   -5201213.88075   22748748.80932   -13429105.33815
212400.00000   -6248401.81786   23639059.22393   -11202430.65311
213300.00000   -7112558.24729   24364338.39786   -8790070.68440
214200.00000   -7806504.04427   24890874.75283   -6231452.25862
215100.00000   -8349138.10169   25189167.63915   -3568696.15242
216000.00000   -8764598.60626   25235096.18244   -846021.31845
216900.00000   -9081218.99172   25010923.58863   1890903.25565
217800.00000   -9330313.78015   24506096.67017   4595657.66807
218700.00000   -9544833.38676   23717805.08676   7221815.24575
219600.00000   -9757934.41180   22651271.37397   9723723.53502
220500.00000   -10001518.24260   21319750.90271   12057311.70617
221400.00000   -10304791.90193   19744232.51494   14180906.73041
222300.00000   -10692916.93708   17952837.37182   16056049.75250
223200.00000   -11185796.89988   15979933.20091   17648283.04723
224100.00000   -11797065.02370   13864987.65030   18927892.22753
225000.00000   -12533320.35684   11651201.14560   19870578.70269
225900.00000   -13393653.79638   9383970.56711   20458039.55684
226800.00000   -14369493.38726   7109245.56313   20678432.82240
227700.00000   -15444783.96613   4871846.79688   20526708.24415
228600.00000   -16596500.82213   2713821.25772   20004789.45182
229500.00000   -17795478.94094   672906.58600   19121592.65671
230400.00000   -19007525.39286   -1218823.17100   17892881.54723
231300.00000   -20194765.46995   -2936068.25092   16340956.99811
232200.00000   -21317162.01129   -4461119.71801   14494190.61477
233100.00000   -22334138.15316   -5784345.75618   12386416.37273
234000.00000   -23206228.97154   -6904328.53238   10056200.19558
234900.00000   -23896687.28890   -7827650.61420   7546011.44925
235800.00000   -24372970.84893   -8568343.70936   4901324.57168
236700.00000   -24608050.62573   -9147040.17264   2169675.13748
237600.00000   -24581483.56713   -9589859.96720   -600295.39308
238500.00000   -24280211.96346   -9927098.41210   -3359785.52272
239400.00000   -23699062.87113   -10191773.05161   -6060744.33481
240300.00000   -22840936.20862   -10418095.80027   -8656727.64320
241200.00000   -21716683.89375   -10639935.65977   -11103684.14699
242100.00000   -20344695.24677   -10889333.59092   -13360659.72630
243000.00000   -18750212.56130   -11195129.14027   -15390416.39566
243900.00000   -16964415.93250   -11581740.01589   -17159953.54256
244800.00000   -15023312.42303   -12068144.60544   -18640942.13429
245700.00000   -12966479.53092   -12667091.75857   -19810066.48541
246600.00000   -10835709.35735   -13384561.41210   -20649279.98166
247500.00000   -8673602.65511   -14219487.65342   -21145979.25665
248400.00000   -6522160.96117   -15163747.20678   -21293102.16313
249300.00000   -4421422.96967   -16202408.18784   -21089155.04446
250200.00000   -2408189.21163   -17314225.33990   -20538173.06490
251100.00000   -514872.27025   -18472364.12780   -19649620.26958
252000.00000   1231488.87756   -19645325.77205   -18438229.75468
252900.00000   2810023.32047   -20798043.60837   -16923787.93044
253800.00000   4206605.69676   -21893114.99458   -15130863.67101
254700.00000   5414198.40408   -22892129.62012   -13088482.86766
255600.00000   6432946.43600   -23757052.01669   -10829748.19407
256500.00000   7270019.58617   -24451613.84420   -8391403.51928
257400.00000   7939203.99529   -24942670.17681   -5813342.37645
258300.00000   8460252.59719   -25201473.65293   -3138060.27493
