172800.00000   8668529.74592   -25258311.82714   -1281803.95149
173700.00000   8999105.88273   -25078545.47870   1455964.01246
174600.00000   9257437.15411   -24619189.38293   4168974.42390
175500.00000   9476313.81866   -23876221.64919   6810749.85814
176400.00000   9688951.77045   -22853626.80754   9335460.63936
177300.00000   9927532.01704   -21563441.00136   11698728.41585
178200.00000   10221755.90785   -20025497.67385   13858443.92980
179100.00000   10597474.93185   -18266872.70134   15775582.44757
180000.00000   11075454.20669   -16321040.30556   17414997.61691
180900.00000   11670326.33962   -14226764.12018   18746172.34066
181800.00000   12389786.90169   -12026760.84166   19743903.86821
182700.00000   13234074.25275   -9766186.17940   20388899.94912
183600.00000   14195765.04697   -7491003.47683   20668263.76274
184500.00000   15259902.85662   -5246303.54453   20575847.54600
185400.00000   16404461.65322   -3074649.15353   20112458.39586
186300.00000   17601129.28540   -1014518.68462   19285904.50757
187200.00000   18816379.65644   901079.71485   18110875.88479
188100.00000   20012787.16724   2645759.46064   16608659.97125
189000.00000   21150524.23820   4200619.54365   14806699.27152
189900.00000   22188973.28685   5554782.79556   12738004.37937
190800.00000   23088379.08163   6705586.56507   10440441.45514
191700.00000   23811466.25032   7658421.60751   7955917.69198
192600.00000   24324949.86334   8426232.48027   5329491.39506
193500.00000   24600874.05867   9028708.90897   2608434.81416
194400.00000   24617723.95464   9491211.45498   -158722.18786
195300.00000   24361268.73615   9843485.63763   -2923141.04825
196200.00000   23825107.82325   10118226.01108   -5636592.11475
197100.00000   23010906.46997   10349555.44088   -8252320.64466
198000.00000   21928321.12008   10571485.12441   -10725844.98330
198900.00000   20594627.64795   10816418.12866   -13015674.98837
199800.00000   19034076.71607   11113753.90773   -15083942.90838
200700.00000   17277009.56494   11488644.01588   -16896942.68475
201600.00000   15358774.48497   11960940.66425   -18425576.85090
202500.00000   13318489.02518   12544370.45237   -19645712.74722
203400.00000   11197695.80841   13245956.03023   -20538451.62194
204300.00000   9038960.85883   14065699.00379   -21090315.36531
205200.00000   6884462.85155   14996528.37780   -21293356.18855
206100.00000   4774619.91769   16024510.42420   -21145194.59955
207000.00000   2746797.81265   17129308.18642   -20648990.64778
207900.00000   834139.57963   18284871.92632   -19813352.72278
208800.00000   -935447.53012   19460335.69950   -18652187.30377
209700.00000   -2540117.06862   20621089.88963   -17184492.07858
210600.00000   -3964694.97764   21729994.92239   -15434093.87797
211500.00000   -5201058.30918   22748697.50411   -13429331.99881
212400.00000   -6248267.99179   23639007.59878   -11202686.80365
213300.00000   -7112449.32811   24364292.01084   -8790353.06176
214200.00000   -7806421.08249   24890838.95410   -6231757.41234
215100.00000   -8349081.54694   25189147.46949   -3569019.64255
216000.00000   -8764567.77733   25235096.14478   -846358.23360
216900.00000   -9081212.14000   25010947.45010   1890558.13421
217800.00000   -9330328.20304   24506147.29965   4595309.70352
218700.00000   -9544865.58147   23717884.33229   7221469.79213
219600.00000   -9757980.25916   22651379.98178   9723385.79852
220500.00000   -10001572.75742   21319888.71424   12056986.01462
221400.00000   -10304850.84750   19744397.77792   14180598.19632
222300.00000   -10692975.84325   17953027.23436   16055762.90388
223200.00000   -11185851.41759   15980143.56170   17648021.99050
224100.00000   -11797111.00014   13865213.21781   18927660.54880
225000.00000   -12533353.90489   11651435.54630   19870379.38453
225900.00000   -13393671.37176   9384206.50572   20457874.91494
226800.00000   -14369491.88314   7109475.03688   20678304.46577
227700.00000   -15444760.89722   4872061.60265   20526617.36655
228600.00000   -16596454.23889   2714012.78470   20004736.00453
229500.00000   -17795407.74190   673066.24174   19121575.95915
230400.00000   -19007429.42518   -1218703.46369   17892900.24172
231300.00000   -20194645.64693   -2935995.63199   16341009.14115
232200.00000   -21317020.38216   -4461099.99103   14494273.78440
233100.00000   -22333977.90775   -5784383.04726   12386527.78461
234000.00000   -23206054.37149   -6904425.03907   10056336.81832
234900.00000   -23896503.24693   -7827806.00927   7546170.26254
235800.00000   -24372783.44677   -8568556.87359   4901501.86371
236700.00000   -24607866.45630   -9147307.23842   2169867.67271
237600.00000   -24581309.54605   -9590175.16006   -600090.81878
238500.00000   -24280055.03254   -9927454.34690   -3359572.11558
239400.00000   -23698929.69914   -10192161.10076   -6060525.36475
240300.00000   -22840832.90430   -10418506.49489   -8656506.52817
241200.00000   -21716615.73940   -10640359.08670   -11103464.55000
242100.00000   -20344666.16351   -10889760.26941   -13360446.26085
243000.00000   -18750225.84896   -11195548.72161   -15390212.85662
243900.00000   -16964473.22868   -11582142.93004   -17159764.47197
244800.00000   -15023413.83915   -12068522.04715   -18640772.47277
245700.00000   -12966623.54355   -12667435.96343   -19809921.52740
246600.00000   -10835892.74990   -13384865.90046   -20649165.25833
247500.00000   -8673820.52821   -14219747.44018   -21145900.34980
248400.00000   -6522406.82761   -15163958.97261   -21293064.46235
249300.00000   -4421689.04846   -16202570.24678   -21089163.27058
250200.00000   -2408466.26263   -17314338.14807   -20538231.50515
251100.00000   -515150.58962   -18472430.04161   -19649732.15249
252000.00000   1231219.22434   -19645349.01684   -18438397.05757
252900.00000   2809772.00324   -20798030.12604   -16924011.19005
253800.00000   4206381.61753   -21893072.20851   -15131141.87226
254700.00000   5414009.22338   -22892066.12506   -13088813.41861
255600.00000   6432798.16472   -23756977.20782   -10830126.98697
256500.00000   7269916.27379   -24451537.50513   -8391825.06975
257400.00000   7939147.53734   -24942602.04939   -5813800.02660
258300.00000   8460242.67446   -25201423.01330   -3138546.44174
